4859
15808
32316
31106
25978
10057
9446
10600
11321
28076
9885
7356
6550
7683
3468
12636
105
25964
21363
10353
27563
16140
11971
25834
28341
30827
23766
13956
17535
16396
3993
126
20045
31816
14224
23612
13448
23383
3500
1023
2755
11923
17961
16141
7577
20181
23568
31054
16476
8135
24924
11116
23721
24683
30364
1630
6599
7372
23003
9719
14911
22397
4661
31287
17287
9676
11508
22607
6029
21
24958
32622
22565
32610
18371
19935
1891
11847
13432
2642
16184
26140
25728
12424
14766
2082
16446
30012
8981
14039
735
8266
13348
26133
4619
9249
25305
11888
14343
6848
14444
25359
30328
31382
8659
962
12415
15616
29946
2904
293
26864
30219
1629
12331
12526
19865
21261
21322
15372
7819
15137
15051
11618
13237
9691
14116
22393
122
23046
25083
815
24036
7934
13447
3243
14946
17096
18828
3551
18861
3844
25452
2411
30787
2573
1980
5709
26673
14780
22531
697
19425
24018
17073
12168
3292
10042
25865
14366
19540
5616
17600
8844
3154
19255
4485
8193
15101
9411
19548
23051
9881
26786
6714
4542
28462
31098
22891
2932
10418
27344
6673
10042
122
28180
18147
18132
19118
11623
1569
12347
8144
26481
29624
266
16007
21801
9795
21553
6331
22164
13844
14696
2837
14574
26558
8947
26945
32287
23121
5080
23564
6650
25289
16722
20091
5003
2471
19996
11542
4688
28663
23404
25157
22817
7403
20777
31858
28538
10924
10762
9265
21659
11006
32577
20907
927
21689
25381
5853
6027
25625
10461
12193
26581
1399
13735
373
8127
11349
21541
18728
8997
23816
415
19732
2986
32187
18712
23559
15160
5784
6691
17661
4299
12463
6736
25919
15349
22667
23125
10743
20733
866
28246
11051
16900
6699
19697
23539
14499
4521
7877
25344
31950
846
2657
1060
21031
4141
31705
10897
17692
26781
8380
4379
27981
16125
1126
31031
6289
28783
8891
18716
31965
4346
22164
18452
25159
11354
8043
20385
15495
28350
21142
21441
14499
303
29452
2453
15195
21749
11896
24299
8237
11447
13606
31610
29179
1053
30767
20856
19894
16299
22572
22679
13391
4922
23436
22321
21133
9640
14542
5816
29629
30020
23493
31944
19046
32463
22549
13881
19684
28382
27530
11474
26827
18101
7063
13202
5829
30134
28115
17358
13858
3947
17700
12077
12297
15354
29528
18750
30944
26708
613
23974
24533
23986
27251
15984
11861
316
14090
1733
5022
19285
11570
13033
6619
4997
19541
10928
17858
13701
21269
13444
22652
26106
10533
10490
13550
20086
4758
11428
24677
23620
12240
13758
10214
27827
30414
15146
8372
22204
4398
9129
20930
507
13606
30573
26471
3925
29751
9856
7706
3662
1399
16810
11074
20542
30654
4196
25755
17420
10081
26451
10676
21949
362
24722
27669
17080
4891
26960
23738
17492
4121
20152
17687
